1 1
1 2
1 3
1 7
1 8
1 9
1 10
1 11
1 12
1 13
1 17
1 18
1 19
1 20
1 21
1 22
1 23
1 27
1 28
1 29
1 30
1 31
1 32
1 33
1 37
1 38
1 39
1 78
1 79
1 80
1 81
1 82
1 83
1 87
1 88
1 89
1 90
1 91
1 92
1 93
1 97
1 98
1 99
1 100
2 2
2 3
2 7
2 8
2 9
2 10
2 11
2 12
2 13
2 17
2 18
2 19
2 20
2 21
2 22
2 23
2 27
2 28
2 29
2 30
2 31
2 32
2 33
2 37
2 38
2 39
2 78
2 79
2 80
2 81
2 82
2 83
2 87
2 88
2 89
2 90
2 91
2 92
2 93
2 97
2 98
2 99
2 100
3 3
3 7
3 8
3 9
3 10
3 11
3 12
3 13
3 17
3 18
3 19
3 20
3 21
3 22
3 23
3 27
3 28
3 29
3 30
3 31
3 32
3 33
3 37
3 38
3 39
3 78
3 79
3 80
3 81
3 82
3 83
3 87
3 88
3 89
3 90
3 91
3 92
3 93
3 97
3 98
3 99
3 100
4 7
4 8
4 9
4 10
4 11
4 12
4 13
4 17
4 18
4 19
4 20
4 21
4 22
4 23
4 27
4 28
4 29
4 30
4 31
4 32
4 33
4 37
4 38
4 39
4 78
4 79
4 80
4 81
4 82
4 83
4 87
4 88
4 89
4 90
4 91
4 92
4 93
4 97
4 98
4 99
4 100
5 5
5 6
5 14
5 15
5 16
5 24
5 25
5 26
5 34
5 35
5 36
5 40
5 41
5 42
5 43
5 77
5 84
5 85
5 86
5 94
5 95
5 96
6 6
6 14
6 15
6 16
6 24
6 25
6 26
6 34
6 35
6 36
6 40
6 41
6 42
6 43
6 77
6 84
6 85
6 86
6 94
6 95
6 96
7 14
7 15
7 16
7 24
7 25
7 26
7 34
7 35
7 36
7 40
7 41
7 42
7 43
7 77
7 84
7 85
7 86
7 94
7 95
7 96
8 8
8 9
8 10
8 11
8 12
8 13
8 17
8 18
8 19
8 20
8 21
8 22
8 23
8 27
8 28
8 29
8 30
8 31
8 32
8 33
8 37
8 38
8 39
8 78
8 79
8 80
8 81
8 82
8 83
8 87
8 88
8 89
8 90
8 91
8 92
8 93
8 97
8 98
8 99
8 100
9 9
9 10
9 11
9 12
9 13
9 17
9 18
9 19
9 20
9 21
9 22
9 23
9 27
9 28
9 29
9 30
9 31
9 32
9 33
9 37
9 38
9 39
9 78
9 79
9 80
9 81
9 82
9 83
9 87
9 88
9 89
9 90
9 91
9 92
9 93
9 97
9 98
9 99
9 100
10 10
10 11
10 12
10 13
10 17
10 18
10 19
10 20
10 21
10 22
10 23
10 27
10 28
10 29
10 30
10 31
10 32
10 33
10 37
10 38
10 39
10 78
10 79
10 80
10 81
10 82
10 83
10 87
10 88
10 89
10 90
10 91
10 92
10 93
10 97
10 98
10 99
10 100
11 11
11 12
11 13
11 17
11 18
11 19
11 20
11 21
11 22
11 23
11 27
11 28
11 29
11 30
11 31
11 32
11 33
11 37
11 38
11 39
11 78
11 79
11 80
11 81
11 82
11 83
11 87
11 88
11 89
11 90
11 91
11 92
11 93
11 97
11 98
11 99
11 100
12 12
12 13
12 17
12 18
12 19
12 20
12 21
12 22
12 23
12 27
12 28
12 29
12 30
12 31
12 32
12 33
12 37
12 38
12 39
12 78
12 79
12 80
12 81
12 82
12 83
12 87
12 88
12 89
12 90
12 91
12 92
12 93
12 97
12 98
12 99
12 100
13 13
13 17
13 18
13 19
13 20
13 21
13 22
13 23
13 27
13 28
13 29
13 30
13 31
13 32
13 33
13 37
13 38
13 39
13 78
13 79
13 80
13 81
13 82
13 83
13 87
13 88
13 89
13 90
13 91
13 92
13 93
13 97
13 98
13 99
13 100
14 17
14 18
14 19
14 20
14 21
14 22
14 23
14 27
14 28
14 29
14 30
14 31
14 32
14 33
14 37
14 38
14 39
14 78
14 79
14 80
14 81
14 82
14 83
14 87
14 88
14 89
14 90
14 91
14 92
14 93
14 97
14 98
14 99
14 100
15 15
15 16
15 24
15 25
15 26
15 34
15 35
15 36
15 40
15 41
15 42
15 43
15 77
15 84
15 85
15 86
15 94
15 95
15 96
16 16
16 24
16 25
16 26
16 34
16 35
16 36
16 40
16 41
16 42
16 43
16 77
16 84
16 85
16 86
16 94
16 95
16 96
17 24
17 25
17 26
17 34
17 35
17 36
17 40
17 41
17 42
17 43
17 77
17 84
17 85
17 86
17 94
17 95
17 96
18 18
18 19
18 20
18 21
18 22
18 23
18 27
18 28
18 29
18 30
18 31
18 32
18 33
18 37
18 38
18 39
18 78
18 79
18 80
18 81
18 82
18 83
18 87
18 88
18 89
18 90
18 91
18 92
18 93
18 97
18 98
18 99
18 100
19 19
19 20
19 21
19 22
19 23
19 27
19 28
19 29
19 30
19 31
19 32
19 33
19 37
19 38
19 39
19 78
19 79
19 80
19 81
19 82
19 83
19 87
19 88
19 89
19 90
19 91
19 92
19 93
19 97
19 98
19 99
19 100
20 20
20 21
20 22
20 23
20 27
20 28
20 29
20 30
20 31
20 32
20 33
20 37
20 38
20 39
20 78
20 79
20 80
20 81
20 82
20 83
20 87
20 88
20 89
20 90
20 91
20 92
20 93
20 97
20 98
20 99
20 100
21 21
21 22
21 23
21 27
21 28
21 29
21 30
21 31
21 32
21 33
21 37
21 38
21 39
21 78
21 79
21 80
21 81
21 82
21 83
21 87
21 88
21 89
21 90
21 91
21 92
21 93
21 97
21 98
21 99
21 100
22 22
22 23
22 27
22 28
22 29
22 30
22 31
22 32
22 33
22 37
22 38
22 39
22 78
22 79
22 80
22 81
22 82
22 83
22 87
22 88
22 89
22 90
22 91
22 92
22 93
22 97
22 98
22 99
22 100
23 23
23 27
23 28
23 29
23 30
23 31
23 32
23 33
23 37
23 38
23 39
23 78
23 79
23 80
23 81
23 82
23 83
23 87
23 88
23 89
23 90
23 91
23 92
23 93
23 97
23 98
23 99
23 100
24 27
24 28
24 29
24 30
24 31
24 32
24 33
24 37
24 38
24 39
24 78
24 79
24 80
24 81
24 82
24 83
24 87
24 88
24 89
24 90
24 91
24 92
24 93
24 97
24 98
24 99
24 100
25 25
25 26
25 34
25 35
25 36
25 40
25 41
25 42
25 43
25 77
25 84
25 85
25 86
25 94
25 95
25 96
26 26
26 34
26 35
26 36
26 40
26 41
26 42
26 43
26 77
26 84
26 85
26 86
26 94
26 95
26 96
27 34
27 35
27 36
27 40
27 41
27 42
27 43
27 77
27 84
27 85
27 86
27 94
27 95
27 96
28 28
28 29
28 30
28 31
28 32
28 33
28 37
28 38
28 39
28 78
28 79
28 80
28 81
28 82
28 83
28 87
28 88
28 89
28 90
28 91
28 92
28 93
28 97
28 98
28 99
28 100
29 29
29 30
29 31
29 32
29 33
29 37
29 38
29 39
29 78
29 79
29 80
29 81
29 82
29 83
29 87
29 88
29 89
29 90
29 91
29 92
29 93
29 97
29 98
29 99
29 100
30 30
30 31
30 32
30 33
30 37
30 38
30 39
30 78
30 79
30 80
30 81
30 82
30 83
30 87
30 88
30 89
30 90
30 91
30 92
30 93
30 97
30 98
30 99
30 100
31 31
31 32
31 33
31 37
31 38
31 39
31 78
31 79
31 80
31 81
31 82
31 83
31 87
31 88
31 89
31 90
31 91
31 92
31 93
31 97
31 98
31 99
31 100
32 32
32 33
32 37
32 38
32 39
32 78
32 79
32 80
32 81
32 82
32 83
32 87
32 88
32 89
32 90
32 91
32 92
32 93
32 97
32 98
32 99
32 100
33 33
33 37
33 38
33 39
33 78
33 79
33 80
33 81
33 82
33 83
33 87
33 88
33 89
33 90
33 91
33 92
33 93
33 97
33 98
33 99
33 100
34 37
34 38
34 39
34 78
34 79
34 80
34 81
34 82
34 83
34 87
34 88
34 89
34 90
34 91
34 92
34 93
34 97
34 98
34 99
34 100
35 35
35 36
35 40
35 41
35 42
35 43
35 77
35 84
35 85
35 86
35 94
35 95
35 96
36 36
36 40
36 41
36 42
36 43
36 77
36 84
36 85
36 86
36 94
36 95
36 96
37 40
37 41
37 42
37 43
37 77
37 84
37 85
37 86
37 94
37 95
37 96
38 38
38 39
38 78
38 79
38 80
38 81
38 82
38 83
38 87
38 88
38 89
38 90
38 91
38 92
38 93
38 97
38 98
38 99
38 100
39 39
39 78
39 79
39 80
39 81
39 82
39 83
39 87
39 88
39 89
39 90
39 91
39 92
39 93
39 97
39 98
39 99
39 100
40 78
40 79
40 80
40 81
40 82
40 83
40 87
40 88
40 89
40 90
40 91
40 92
40 93
40 97
40 98
40 99
40 100
41 78
41 79
41 80
41 81
41 82
41 83
41 87
41 88
41 89
41 90
41 91
41 92
41 93
41 97
41 98
41 99
41 100
42 78
42 79
42 80
42 81
42 82
42 83
42 87
42 88
42 89
42 90
42 91
42 92
42 93
42 97
42 98
42 99
42 100
43 78
43 79
43 80
43 81
43 82
43 83
43 87
43 88
43 89
43 90
43 91
43 92
43 93
43 97
43 98
43 99
43 100
44 77
44 84
44 85
44 86
44 94
44 95
44 96
45 75
45 76
46 75
46 76
47 70
47 71
47 72
47 73
47 74
48 70
48 71
48 72
48 73
48 74
49 70
49 71
49 72
49 73
49 74
50 50
50 51
50 52
50 53
50 57
50 58
50 59
50 60
50 61
50 62
50 63
50 67
50 68
50 69
51 51
51 52
51 53
51 57
51 58
51 59
51 60
51 61
51 62
51 63
51 67
51 68
51 69
52 52
52 53
52 57
52 58
52 59
52 60
52 61
52 62
52 63
52 67
52 68
52 69
53 53
53 57
53 58
53 59
53 60
53 61
53 62
53 63
53 67
53 68
53 69
54 57
54 58
54 59
54 60
54 61
54 62
54 63
54 67
54 68
54 69
55 55
55 56
55 64
55 65
55 66
56 56
56 64
56 65
56 66
57 64
57 65
57 66
58 58
58 59
58 60
58 61
58 62
58 63
58 67
58 68
58 69
59 59
59 60
59 61
59 62
59 63
59 67
59 68
59 69
60 60
60 61
60 62
60 63
60 67
60 68
60 69
61 61
61 62
61 63
61 67
61 68
61 69
62 62
62 63
62 67
62 68
62 69
63 63
63 67
63 68
63 69
64 67
64 68
64 69
65 65
65 66
66 66
68 68
68 69
69 69
78 84
78 85
78 86
78 94
78 95
78 96
79 84
79 85
79 86
79 94
79 95
79 96
80 80
80 81
80 82
80 83
80 87
80 88
80 89
80 90
80 91
80 92
80 93
80 97
80 98
80 99
80 100
81 81
81 82
81 83
81 87
81 88
81 89
81 90
81 91
81 92
81 93
81 97
81 98
81 99
81 100
82 82
82 83
82 87
82 88
82 89
82 90
82 91
82 92
82 93
82 97
82 98
82 99
82 100
83 83
83 87
83 88
83 89
83 90
83 91
83 92
83 93
83 97
83 98
83 99
83 100
84 87
84 88
84 89
84 90
84 91
84 92
84 93
84 97
84 98
84 99
84 100
85 85
85 86
85 94
85 95
85 96
86 86
86 94
86 95
86 96
87 94
87 95
87 96
88 88
88 89
88 90
88 91
88 92
88 93
88 97
88 98
88 99
88 100
89 89
89 90
89 91
89 92
89 93
89 97
89 98
89 99
89 100
90 90
90 91
90 92
90 93
90 97
90 98
90 99
90 100
91 91
91 92
91 93
91 97
91 98
91 99
91 100
92 92
92 93
92 97
92 98
92 99
92 100
93 93
93 97
93 98
93 99
93 100
94 97
94 98
94 99
94 100
95 95
95 96
96 96
98 98
98 99
98 100
99 99
99 100
100 100
1396
