1 1
1 2
1 3
2 2
2 3
3 3
5 5
5 6
6 6
8 8
8 9
8 10
8 11
8 12
8 13
9 9
9 10
9 11
9 12
9 13
10 10
10 11
10 12
10 13
11 11
11 12
11 13
12 12
12 13
13 13
15 15
15 16
16 16
18 18
18 19
18 20
18 21
18 22
18 23
19 19
19 20
19 21
19 22
19 23
20 20
20 21
20 22
20 23
21 21
21 22
21 23
22 22
22 23
23 23
25 25
25 26
26 26
28 28
28 29
28 30
28 31
28 32
28 33
29 29
29 30
29 31
29 32
29 33
30 30
30 31
30 32
30 33
31 31
31 32
31 33
32 32
32 33
33 33
35 35
35 36
36 36
38 38
38 39
39 39
50 50
50 51
50 52
50 53
51 51
51 52
51 53
52 52
52 53
53 53
55 55
55 56
56 56
58 58
58 59
58 60
58 61
58 62
58 63
59 59
59 60
59 61
59 62
59 63
60 60
60 61
60 62
60 63
61 61
61 62
61 63
62 62
62 63
63 63
65 65
65 66
66 66
68 68
68 69
69 69
80 80
80 81
80 82
80 83
81 81
81 82
81 83
82 82
82 83
83 83
85 85
85 86
86 86
88 88
88 89
88 90
88 91
88 92
88 93
89 89
89 90
89 91
89 92
89 93
90 90
90 91
90 92
90 93
91 91
91 92
91 93
92 92
92 93
93 93
95 95
95 96
96 96
98 98
98 99
98 100
99 99
99 100
100 100
1302
