--- 1.txt	2012-02-05 20:43:49.824902100 +0400
+++ 2.txt	2012-02-05 21:49:08.393562200 +0400
@@ -25,6 +25,7 @@
 1 37
 1 38
 1 39
+1 78
 1 79
 1 80
 1 81
@@ -67,6 +68,7 @@
 2 37
 2 38
 2 39
+2 78
 2 79
 2 80
 2 81
@@ -108,6 +110,7 @@
 3 37
 3 38
 3 39
+3 78
 3 79
 3 80
 3 81
@@ -148,6 +151,7 @@
 4 37
 4 38
 4 39
+4 78
 4 79
 4 80
 4 81
@@ -176,7 +180,10 @@
 5 35
 5 36
 5 40
-5 78
+5 41
+5 42
+5 43
+5 77
 5 84
 5 85
 5 86
@@ -194,7 +201,10 @@
 6 35
 6 36
 6 40
-6 78
+6 41
+6 42
+6 43
+6 77
 6 84
 6 85
 6 86
@@ -211,7 +221,10 @@
 7 35
 7 36
 7 40
-7 78
+7 41
+7 42
+7 43
+7 77
 7 84
 7 85
 7 86
@@ -241,6 +254,7 @@
 8 37
 8 38
 8 39
+8 78
 8 79
 8 80
 8 81
@@ -279,6 +293,7 @@
 9 37
 9 38
 9 39
+9 78
 9 79
 9 80
 9 81
@@ -316,6 +331,7 @@
 10 37
 10 38
 10 39
+10 78
 10 79
 10 80
 10 81
@@ -352,6 +368,7 @@
 11 37
 11 38
 11 39
+11 78
 11 79
 11 80
 11 81
@@ -387,6 +404,7 @@
 12 37
 12 38
 12 39
+12 78
 12 79
 12 80
 12 81
@@ -421,6 +439,7 @@
 13 37
 13 38
 13 39
+13 78
 13 79
 13 80
 13 81
@@ -454,6 +473,7 @@
 14 37
 14 38
 14 39
+14 78
 14 79
 14 80
 14 81
@@ -479,7 +499,10 @@
 15 35
 15 36
 15 40
-15 78
+15 41
+15 42
+15 43
+15 77
 15 84
 15 85
 15 86
@@ -494,7 +517,10 @@
 16 35
 16 36
 16 40
-16 78
+16 41
+16 42
+16 43
+16 77
 16 84
 16 85
 16 86
@@ -508,7 +534,10 @@
 17 35
 17 36
 17 40
-17 78
+17 41
+17 42
+17 43
+17 77
 17 84
 17 85
 17 86
@@ -531,6 +560,7 @@
 18 37
 18 38
 18 39
+18 78
 18 79
 18 80
 18 81
@@ -562,6 +592,7 @@
 19 37
 19 38
 19 39
+19 78
 19 79
 19 80
 19 81
@@ -592,6 +623,7 @@
 20 37
 20 38
 20 39
+20 78
 20 79
 20 80
 20 81
@@ -621,6 +653,7 @@
 21 37
 21 38
 21 39
+21 78
 21 79
 21 80
 21 81
@@ -649,6 +682,7 @@
 22 37
 22 38
 22 39
+22 78
 22 79
 22 80
 22 81
@@ -676,6 +710,7 @@
 23 37
 23 38
 23 39
+23 78
 23 79
 23 80
 23 81
@@ -702,6 +737,7 @@
 24 37
 24 38
 24 39
+24 78
 24 79
 24 80
 24 81
@@ -724,7 +760,10 @@
 25 35
 25 36
 25 40
-25 78
+25 41
+25 42
+25 43
+25 77
 25 84
 25 85
 25 86
@@ -736,7 +775,10 @@
 26 35
 26 36
 26 40
-26 78
+26 41
+26 42
+26 43
+26 77
 26 84
 26 85
 26 86
@@ -747,7 +789,10 @@
 27 35
 27 36
 27 40
-27 78
+27 41
+27 42
+27 43
+27 77
 27 84
 27 85
 27 86
@@ -763,6 +808,7 @@
 28 37
 28 38
 28 39
+28 78
 28 79
 28 80
 28 81
@@ -787,6 +833,7 @@
 29 37
 29 38
 29 39
+29 78
 29 79
 29 80
 29 81
@@ -810,6 +857,7 @@
 30 37
 30 38
 30 39
+30 78
 30 79
 30 80
 30 81
@@ -832,6 +880,7 @@
 31 37
 31 38
 31 39
+31 78
 31 79
 31 80
 31 81
@@ -853,6 +902,7 @@
 32 37
 32 38
 32 39
+32 78
 32 79
 32 80
 32 81
@@ -873,6 +923,7 @@
 33 37
 33 38
 33 39
+33 78
 33 79
 33 80
 33 81
@@ -892,6 +943,7 @@
 34 37
 34 38
 34 39
+34 78
 34 79
 34 80
 34 81
@@ -911,7 +963,10 @@
 35 35
 35 36
 35 40
-35 78
+35 41
+35 42
+35 43
+35 77
 35 84
 35 85
 35 86
@@ -920,7 +975,10 @@
 35 96
 36 36
 36 40
-36 78
+36 41
+36 42
+36 43
+36 77
 36 84
 36 85
 36 86
@@ -928,7 +986,10 @@
 36 95
 36 96
 37 40
-37 78
+37 41
+37 42
+37 43
+37 77
 37 84
 37 85
 37 86
@@ -937,6 +998,7 @@
 37 96
 38 38
 38 39
+38 78
 38 79
 38 80
 38 81
@@ -954,6 +1016,7 @@
 38 99
 38 100
 39 39
+39 78
 39 79
 39 80
 39 81
@@ -970,6 +1033,7 @@
 39 98
 39 99
 39 100
+40 78
 40 79
 40 80
 40 81
@@ -987,21 +1051,82 @@
 40 99
 40 100
 41 78
-41 84
-41 85
-41 86
-41 94
-41 95
-41 96
-42 77
-44 76
-45 73
-45 74
-46 72
-47 47
+41 79
+41 80
+41 81
+41 82
+41 83
+41 87
+41 88
+41 89
+41 90
+41 91
+41 92
+41 93
+41 97
+41 98
+41 99
+41 100
+42 78
+42 79
+42 80
+42 81
+42 82
+42 83
+42 87
+42 88
+42 89
+42 90
+42 91
+42 92
+42 93
+42 97
+42 98
+42 99
+42 100
+43 78
+43 79
+43 80
+43 81
+43 82
+43 83
+43 87
+43 88
+43 89
+43 90
+43 91
+43 92
+43 93
+43 97
+43 98
+43 99
+43 100
+44 77
+44 84
+44 85
+44 86
+44 94
+44 95
+44 96
+45 75
+45 76
+46 75
+46 76
+47 70
 47 71
+47 72
+47 73
+47 74
+48 70
 48 71
+48 72
+48 73
+48 74
 49 70
+49 71
+49 72
+49 73
+49 74
 50 50
 50 51
 50 52
@@ -1122,7 +1247,12 @@
 68 68
 68 69
 69 69
-74 74
+78 84
+78 85
+78 86
+78 94
+78 95
+78 96
 79 84
 79 85
 79 86
@@ -1264,4 +1394,4 @@
 99 99
 99 100
 100 100
-1266
+1396
